"y" "x1" "x2" "x3" "x4"
85.5622815085956 7.24029095532094 4.45559626894972 4.82448304027678 1
63.3922266195232 5.5013214077732 2.56616971033329 3.70300184103762 1
70.8596516417976 5.85492830477019 4.10555500363473 3.71976878915155 1
64.2387001002479 5.5779289363225 2.43504406789838 3.02904658067639 1
80.9238578352771 7.05472575472387 3.12002769413384 3.77588240096411 1
84.7879134329329 7.46117982628865 3.05551490404945 4.34240071064888 1
67.9839703158231 5.87459962780807 2.54587137723632 2.36150078440252 1
73.5872641984568 6.23693224041351 3.67892863442675 3.94387740597354 1
81.994068870816 7.09471668856947 3.17264028345786 2.96946264610802 1
74.1880212058303 6.51427814024373 3.11686055656198 5.55021097212836 1
80.8335399361225 6.86553061480413 4.18034024030564 4.96128851819044 1
67.4382167961434 5.90417617664407 2.52962544418003 3.68453116642469 1
72.2829305112944 6.22953358109618 3.34834215259696 4.66475135614237 1
73.9499300831347 6.17554587401364 4.295685118111 4.97451129954297 1
97.3517670699333 8.41208165929355 3.52739260947291 2.83365293235052 1
64.0317250459093 5.60280365954319 2.35713758776411 3.48432614346289 1
67.3868936971217 5.71506257884145 3.42293850611739 4.30901608710446 1
80.1734409768621 7.09048281881585 2.68411194423034 3.89913927346559 1
87.0201812343837 7.49985679901185 3.79686425023244 4.32138140433699 1
74.7930224822032 6.63498894071618 2.72779893225556 4.99360686770062 1
114.745286722578 5.58400413454877 1.77066266403185 2.88955349190742 1
89.6569150239487 7.67714836902322 3.67102948636207 2.73613685194145 1
71.3309286561402 6.24866426848207 2.71225344101468 3.90927489429765 1
76.3219730035099 6.34644049949969 4.32444614886973 3.97981777393536 1
63.0775382867074 5.54751802773238 2.48192869843899 4.76968728085715 1
53.3667263447064 4.52575600707294 2.33183533261579 3.14193664264362 1
60.0030635701394 5.16869829591326 2.36205651685327 2.85383288139334 1
54.0591482567149 4.67046029501585 1.87380131182004 2.41087352593716 1
42.7462710266548 3.84417444395901 0.680905011691363 2.82536601163727 1
64.7838599754152 5.86072759320349 1.48348878854564 3.10643528431444 1
51.1519239150335 4.5464868546419 1.48557120506742 3.6708882859027 1
80.6060562420986 6.99520747687791 3.22889757082973 3.69036278650066 1
75.6151089942369 6.20405318689408 4.71475095597271 4.39174186733229 1
70.4034521524642 6.03487478265582 3.57898711258123 5.54754341864976 1
77.6634334278147 6.65082611305123 3.73488939764401 4.61219706852721 1
63.3625548740015 5.42717930758452 3.26141021799225 5.76461440414065 1
71.9888169387561 6.15625578073837 3.37217586132311 3.93817997171316 1
68.9935106079396 5.99214725855419 2.72938849412726 3.42540303065792 1
57.8375536991722 5.13364284569441 1.70492855947253 3.16272707229685 1
66.67521425011 5.84481072481287 2.60493224883343 4.28196163298706 1
82.0025839031626 7.00471714493243 4.00917683464608 4.73785025313374 1
56.646657146398 4.82101760336801 2.73322168660721 4.40629977079929 1
74.0374008310516 6.52343274822292 2.45889387962409 3.1885953519618 1
66.9510900977673 5.99120072086235 1.60056745601705 2.29946449135461 1
62.9142018865905 5.53031188318621 2.1016958640974 3.05353320881155 1
66.5082633993746 5.72333814425019 3.05059934520319 4.35420964477809 1
64.2742368063967 5.58775806818051 2.39828437081721 2.98627179098777 1
54.537867666482 4.97025659812086 1.55515327196577 1.99714518975704 1
64.8671100128895 6.10508015340962 1.66206781216716 4.59874369561607 1
66.1044340783581 6.13693477633163 1.52302135391526 2.58263259438591 1
81.208683403619 6.97375618914485 4.65067195420956 4.85371792459057 1
63.3946803058266 5.41167115837199 3.94670476865156 4.85424803458209 1
44.0646430997734 4.03242010047571 1.30812973920681 2.95860404639414 1
74.1251521026602 6.36505059855047 4.33532314554784 4.73824405395341 1
67.5695894478842 6.2596265447145 1.85478359755423 3.55088931084658 1
60.10780840281 5.62803781100531 1.65573221879843 4.28122154447166 1
98.9197627891825 8.53159988572429 5.01324623679084 4.87054515996709 1
59.0820103339978 5.07083555195959 3.19967782580848 2.93679150480469 1
77.0104139581043 6.83604719302453 3.3467213326662 4.00326048950592 1
78.927117715317 7.00316839441275 3.40957417927741 4.02537980880005 1
77.3198032558082 6.86442697374616 3.70559727320153 5.54583337493473 1
48.5819457428545 4.49689737868686 1.25271781638192 2.7685648922143 1
50.1797941759806 4.48945231623577 2.06858550448115 3.44710135037356 1
74.7642007900306 6.52497134207657 4.06734411132441 5.38338051049706 1
47.4610883387623 4.1887052541763 2.09102512954782 3.15581512717377 1
65.2287388142082 5.95418401576429 2.44602711879277 4.60384107932256 2
70.9734117427449 6.30579430542431 3.40196008149574 5.09780339669209 2
50.0572996654541 4.49343369620312 2.1660046583817 4.2676890237945 2
49.0742878229912 4.28167358116021 2.35784302343937 3.10055281327382 2
64.683981223605 5.93906461707243 2.07719853077847 3.68927976575295 2
81.7064074872888 7.26310950312156 3.81231602336386 5.72402571475583 2
82.8262236882756 7.49457177321215 2.87458948401768 4.16022058694324 2
95.1609393979618 8.41024719805226 3.6555711960703 3.52988112964978 2
64.3950156133023 5.5912256677949 3.56334343193096 4.48980676933379 2
66.5828339214385 5.80055647333385 3.60798798007628 4.57776152082631 2
66.9686469199893 6.20874258842139 1.63583329896712 2.82616810822584 2
54.4592706472387 4.82598987438793 2.56407771862946 4.00941041275057 2
76.211892125435 6.90625295114566 2.47695621967829 3.09793652080113 2
62.069116789174 5.50801415325389 3.03115315999807 4.75658590908198 2
39.9397428956698 3.4344178499176 1.92188760217941 2.96449413659281 2
67.9345908128778 5.93257838743801 3.41124088941399 3.66541539839766 2
69.6131347760441 6.37706756156061 1.84528195023939 2.27666541067424 2
68.6482202173701 6.39058702646544 1.61074431975546 3.0993521056304 2
71.4415760125282 6.46819137966556 2.55513510505678 3.58430421977492 2
73.0943894137614 6.34375829912146 4.15792577284088 5.43128219605965 2
78.8661248819348 6.90763524917613 4.04212622637861 5.08083223470137 2
75.3530351183032 6.71567382614418 3.62835540516318 5.95282010248011 2
86.6780810856741 7.57291836510353 4.28806110419104 4.87951589374493 2
60.112022544659 5.22162653791078 3.15971421840145 3.61824749711289 2
69.7351873833315 6.23966673034881 2.73536055028327 3.17613145764958 2
64.0785698086134 5.81832099201597 2.35686876619668 3.76755136925 2
72.1949362757676 6.35583436064148 3.74708945489715 5.40670766992396 2
80.8311874195992 6.96878297866146 4.64767746012876 5.43466201153219 2
58.5187604934258 5.18689149621339 2.44477725743339 2.64275167412135 2
144.336162904615 8.35788543305701 4.78112172593625 4.69089062830269 2
73.9526185809191 6.73507174715019 2.35494415796926 3.31198609329483 2
58.7808256101676 5.2965761027058 2.21324021220836 3.1005613944911 2
59.8823249742026 5.3641326993504 2.83826889454388 5.27398700742816 2
55.5218019630436 5.08065511743252 1.68370702369657 2.70710728174656 2
68.6996555115353 6.20558161942968 2.54095578956773 3.5083088916172 2
81.5189406431074 7.5111019467269 1.90560968146984 2.91639117405884 2
71.9576815157598 6.46694543048344 3.07115943447637 4.85291272209943 2
57.6785420152662 5.23985932723388 2.25052533709922 4.22187422815981 2
71.5752202034463 6.31046611360458 3.33328016879153 3.79714812553955 2
52.6148030841275 4.76524625678927 1.58400019344424 1.88933641604434 2
82.2860735627646 7.43858460614175 2.75201136484589 3.5938237141034 2
78.679149737372 6.95406766367149 3.84035525573923 5.39834198483726 2
60.536734894953 5.45352300708643 2.42705345841131 3.74400484684274 2
83.9714765039371 7.50946717076417 3.23228801109696 3.9681194986392 2
117.63272577037 5.89558751774088 2.96284207309102 3.78693304988891 2
76.6456040908636 6.56863162904913 4.38903878543808 4.24469944364136 2
59.5891646008887 5.44339493963528 2.10851691289131 3.837797577062 2
60.2899249702487 5.15834821587358 3.70690982240687 4.79660435854749 2
79.8042877617957 6.80105919056765 4.5726774426131 3.78878665789148 2
67.619412322204 6.44404887343249 3.38264229324125 4.62292796178476 2
57.2144687878346 5.45524656153949 2.9774534887998 3.24358692413083 2
46.5189686995973 4.62933550283014 1.88439972525687 2.678155173162 2
65.0474500813777 6.0460941411834 3.93943262025801 4.35392708015886 2
54.6258206382016 5.38168302874201 2.14895207910984 2.866734357328 2
67.8850305081779 6.33124627013646 3.67505892107122 3.38357193672231 2
57.9820279593855 5.68042025707343 2.48722057060128 3.77413932287926 2
69.9585887302411 6.53958095473425 4.0904913917836 5.41305603014282 2
53.7541489999552 5.09232495770518 3.2647391072292 4.26926006673964 2
58.7265425893613 5.51623489134401 3.63087644475023 4.6589189120694 2
39.4701264094959 4.02747812957422 1.4862592180419 2.95205536787119 2
53.6461278875923 5.46611482889602 1.22337100577641 2.22243634562639 2
50.0554766088039 5.06453683550232 1.63029796942027 2.99348306175797 2
67.8470774651112 6.25498686008129 4.35629957691167 5.11382666160665 2
85.0494323043268 7.76406911074127 4.77852035313945 4.7096665484396 2
55.7775496229153 4.94841744623623 4.61023984710732 4.38915614311525 2
65.8303890089259 6.20426338751435 3.54133261180213 4.07522974064122 3
40.2213348739556 4.03107244272017 1.8930046262335 3.57800104231501 3
49.5002364415375 5.07593954984002 1.05106879596574 1.82960434763394 3
58.5115695357847 5.72873192543676 2.55296127679531 4.0019541283847 3
45.9586339166771 4.69186540721855 1.29189926626145 2.20921987813132 3
73.2834213880167 6.97604517150506 3.27886477995191 4.08310502114653 3
76.078097859633 7.44887860680495 1.80158463092555 2.2303150006832 3
98.02206079453 8.79734400229064 5.94508027768236 6.76625235043246 3
53.1663533540492 5.26952067487444 2.11300377721406 3.25776547406948 3
69.1696365017 6.58708877708037 3.23599880737231 3.90173947352833 3
58.4906062203085 5.6114699192352 2.8457493012069 3.21636510013597 3
67.637777332515 6.33324172547003 3.87636170585421 4.74131152953725 3
60.1563696591807 5.88024485988059 2.75096028593482 4.736770334644 3
73.9814460930004 6.94388483580122 3.81245489605336 4.54574075665623 3
60.5328784454247 5.71840290745167 3.26979684721352 3.40731093638258 3
58.2133870355148 5.62261314818661 2.84358819575245 3.89397156408606 3
35.8878047932917 3.79535709083518 0.820044098877694 2.35655389410311 3
40.3042551779728 4.15128463296073 1.37542685870638 3.11313483943368 3
76.3873749212809 7.09712018355788 3.72168046340651 2.91730968504058 3
51.4282686692166 5.31631802991994 1.43465337364589 4.21065424496058 3
78.1993925990101 7.42446394471 3.22211103470372 3.69544959538436 3
69.7553204168863 6.73065024471949 3.15513966719731 5.16675500380789 3
55.6897815518948 5.37367685036304 2.78161205549147 3.61101541258756 3
75.7983193026746 7.05251053567475 4.10057482949701 4.62864835002945 3
33.1201352373082 3.44024460650976 1.22449732100154 3.10468960664337 3
60.9707603309157 5.89694980563684 2.848643058643 4.00584191289108 3
59.2899835283372 5.86865537113988 2.24118384159643 3.80601179799111 3
76.807098209148 7.28170720260501 3.28827375811741 3.71405815886961 3
75.4753522023817 7.06364517516124 3.54332303428041 3.10164857210996 3
67.4875152500836 6.35279043482721 3.78449823176823 4.96847898757608 3
73.3743859168442 6.74408083563125 4.6297807579752 5.54825097183485 3
56.969143893351 5.44106912972439 2.84952541328178 2.86840421281915 3
61.920266029178 6.00688614596695 2.57645152517218 3.17577687896126 3
47.2146613046076 4.63827983814704 2.32701287994425 3.60437773615486 3
55.8391698003892 5.48383888154829 2.34142720355554 3.37967853445823 3
53.4095214632766 5.13498496270473 2.69647639280349 3.01119882571084 3
67.7897889766092 6.33708925184627 4.12217079056505 5.71904541718798 3
61.9576754242617 5.86242630661015 3.43261873004365 4.22554907978923 3
56.2450948154041 5.78868270936711 1.28361704674664 3.60784087430402 3
92.5647616270195 8.5114923927541 4.99877720603841 6.7339845580535 3
73.646594273295 7.03920543179088 2.87005378305006 3.00114396535884 3
59.0213384102239 5.73070912628296 2.76943025309018 4.09185160964447 3
59.6374927845501 5.7524345205741 2.54014841779915 2.46875462061718 3
40.981217069516 4.15280403627433 1.32597852461071 1.77087262015651 3
59.7305722634282 5.7558228231502 2.78595820296802 3.36875570441163 3
66.5776645617792 6.29933021988548 3.82121339149011 5.84427924279514 3
59.8153126265675 5.75720994732016 2.85350728803608 3.5365021379093 3
81.4113808212731 7.57087278463508 3.85376774019816 3.54522233693247 3
80.7798149779511 7.57604197485354 3.77436055440733 4.33543359711474 3
73.9693276244216 6.91563729099423 3.9725734104346 4.73844470133499 3
77.0450409315451 7.19421824846352 3.86484683881384 4.08785431430031 3
58.2560821526218 5.62900812260438 2.90429884041931 4.21421563397149 3
44.7212209583463 4.33399156029868 2.53998140931055 3.7488950986836 3
69.0586738472757 6.56892902699552 3.20328081435208 3.6337783340447 3
60.216895471647 5.78133921490035 2.95828957040353 3.72348216585043 3
68.897107196811 6.70817164851416 2.9168435086623 5.22821403150939 3
61.1230127023503 5.84628150435225 3.49295733453864 5.84755426681146 3
57.2342937455362 5.64953884445275 2.41863790661055 4.24462481995968 3
52.8026837073469 5.07711325879022 3.05403110153365 4.80439482290394 3
74.0714991325308 6.93338882408969 3.8762607065481 4.47085084430159 3
